31	32	0	0
28	46	0	0
128	133	124	0
96	102	90	85
84	85	78	73
76	75	67	60
71	71	60	54
66	63	57	53
57	64	59	53
58	67	96	0
166	155	160	0
141	139	132	127
121	126	113	111
111	116	107	102
107	111	102	94
105	103	94	95
102	99	95	93
106	96	107	96
203	196	193	0
176	171	147	133
170	148	116	114
160	136	117	108
153	134	112	106
139	122	111	103
150	119	105	103
142	116	109	102
138	111	103	96
124	110	101	101
132	112	115	120
122	118	120	0
122	124	117	121
120	121	111	114
119	121	114	106
120	116	107	107
120	114	109	110
116	117	121	108
220	210	202	0
195	185	157	139
190	163	130	124
175	154	127	121
164	147	125	116
154	138	121	113
147	128	120	110
146	125	114	103
142	125	110	106
139	120	117	112
145	128	139	137
144	136	144	0
142	142	136	146
139	140	130	132
139	140	133	127
138	136	128	121
139	133	129	125
140	131	135	122
244	232	209	0
215	196	161	149
207	180	139	139
204	163	137	131
203	176	138	128
201	174	137	0
199	173	135	0
198	172	134	0
198	168	134	0
196	169	135	132
194	168	135	0
192	167	133	0
192	166	133	0
189	165	133	0
190	164	131	0
187	170	129	0
187	162	131	131
175	152	128	122
170	146	126	119
162	137	120	115
151	131	119	110
144	129	116	109
141	122	115	107
136	123	112	110
136	124	121	123
132	133	142	0
145	144	142	150
146	144	135	137
148	151	141	135
140	145	135	129
150	147	138	138
150	142	145	133
260	223	218	0
221	201	173	159
215	186	153	140
206	175	143	136
200	169	138	129
196	170	134	118
190	171	136	116
187	172	135	0
180	166	135	0
169	166	136	0
0	168	139	0
0	168	140	0
0	165	140	0
0	167	0	0
0	173	139	0
0	176	159	0
0	161	141	0
0	157	140	131
0	149	136	126
0	143	128	121
0	141	128	119
0	134	125	118
0	129	125	113
0	128	116	112
0	121	116	118
0	122	137	130
0	136	0	0
0	143	0	0
0	162	0	0
0	175	0	0
0	165	0	0
0	157	0	0