255 255 255
217 255 255
204 128 255
194 255 0
255 181 181
144 144 144
48 80 248
255 13 13
144 224 80
179 227 245
171 92 242
138 255 0
191 166 166
240 200 160
255 128 0
255 255 48
31 240 31
128 209 227
143 64 212
61 255 0
230 230 230
191 194 199
166 166 171
138 153 199
156 122 199
224 102 51
240 144 160
80 208 80
200 128 51
125 128 176
194 143 143
102 143 143
189 128 227
255 161 0
166 41 41
92 184 209
122 46 176
0 255 0
148 255 255
148 224 224
115 194 201
84 181 181
59 158 158
36 143 143
10 125 140
0 105 133
192 192 192
255 217 143
166 117 115
102 128 128
158 99 181
212 122 0
148 0 148
66 158 176
87 23 143
0 201 0
112 212 255
255 255 199
217 255 199
199 255 199
163 255 199
143 255 199
97 255 199
69 255 199
48 255 199
31 255 199
0 255 156
0 230 117
0 212 82
0 191 56
0 171 36
77 194 255
77 166 255
33 148 214
38 125 171
38 102 150
23 84 135
208 208 224
255 209 35
184 184 208
166 84 77
87 89 97
158 79 181
171 92 0
117 79 69
66 130 150
66 0 102
0 125 0
112 171 250
0 186 255
0 161 255
0 143 255
0 128 255
0 107 255
84 92 242
120 92 227
138 79 227
161 54 212
179 31 212
179 31 186
179 13 166
189 13 135
199 0 102
204 0 89
209 0 79
217 0 69
224 0 56
230 0 46
235 0 38
191 194 199
191 194 199
191 194 199
191 194 199
191 194 199
191 194 199
191 194 199
191 194 199
191 194 199